                    1111111111111111111         2                                                                                                                                                    
                                         1                                                                                                                                                              
                                         1                                                                                                                                                             
                                         1                                                                                                                                                               
                                         1                                                                                                                                                              
                                         1                                                                                                                                                             
                                         1                                                                                                                                                           
                                         1                                                                                                                                                            
                                         1                                                                                                                                                            
                                         1                                                                                                                                                             
                                         1                                                                      21111111111111111111111                                                       2                                       
                                            1                                             111111111            1111111111111111111111                                                                 
                                         1                     1                                                                                                                                     
                                         1                     1                                            2                                                                                      
                                         1                     1                                                                                                                                       
                                         1                     1                                                                                                                                        
                                         1           2          1                                                                                                                                     
                                         1                     1                                                                                                                                        
                                                              2            1                         2                                                                                                       
                                                              1111111111111 111111                                                                                                                    
                                                                                                                                   
